1.0 0.0 2.5 0.9239 0.3827 2.5
0.9239 0.3827 2.5 0.707 0.707 2.5
0.707 0.707 2.5 0.3827 0.9239 2.5
0.3827 0.9239 2.5 0.0 1.0 2.5
0.0 1.0 2.5 -0.3827 0.9239 2.5
-0.3827 0.9239 2.5 -0.707 0.707 2.5
-0.707 0.707 2.5 -0.9239 0.3827 2.5
-0.9239 0.3827 2.5 -1.0 0.0 2.5
-1.0 0.0 2.5 -0.9239 -0.3827 2.5
-0.9239 -0.3827 2.5 -0.707 -0.707 2.5
-0.707 -0.707 2.5 -0.3827 -0.9239 2.5
-0.3827 -0.9239 2.5 0.0 -1.0 2.5
0.0 -1.0 2.5 0.3827 -0.9239 2.5
0.3827 -0.9239 2.5 0.707 -0.707 2.5
0.707 -0.707 2.5 0.9239 -0.3827 2.5
0.9239 -0.3827 2.5 1.0 0.0 2.5
1.0 0.0 -2.5 0.9239 0.3827 -2.5
0.9239 0.3827 -2.5 0.707 0.707 -2.5
0.707 0.707 -2.5 0.3827 0.9239 -2.5
0.3827 0.9239 -2.5 0.0 1.0 -2.5
0.0 1.0 -2.5 -0.3827 0.9239 -2.5
-0.3827 0.9239 -2.5 -0.707 0.707 -2.5
-0.707 0.707 -2.5 -0.9239 0.3827 -2.5
-0.9239 0.3827 -2.5 -1.0 0.0 -2.5
-1.0 0.0 -2.5 -0.9239 -0.3827 -2.5
-0.9239 -0.3827 -2.5 -0.707 -0.707 -2.5
-0.707 -0.707 -2.5 -0.3827 -0.9239 -2.5
-0.3827 -0.9239 -2.5 0.0 -1.0 -2.5
0.0 -1.0 -2.5 0.3827 -0.9239 -2.5
0.3827 -0.9239 -2.5 0.707 -0.707 -2.5
0.707 -0.707 -2.5 0.9239 -0.3827 -2.5
0.9239 -0.3827 -2.5 1.0 0.0 -2.5
1.0 0.0 2.5 1.0 0.0 -2.5
0.9239 0.3827 2.5 0.9239 0.3827 -2.5
0.707 0.707 2.5 0.707 0.707 -2.5
0.3827 0.9239 2.5 0.3827 0.9239 -2.5
0.0 1.0 2.5 0.0 1.0 -2.5
-0.3827 0.9239 2.5 -0.3827 0.9239 -2.5
-0.707 0.707 2.5 -0.707 0.707 -2.5
-0.9239 0.3827 2.5 -0.9239 0.3827 -2.5
-1.0 0.0 2.5 -1.0 0.0 -2.5
-0.9239 -0.3827 2.5 -0.9239 -0.3827 -2.5
-0.707 -0.707 2.5 -0.707 -0.707 -2.5
-0.3827 -0.9239 2.5 -0.3827 -0.9239 -2.5
0.0 -1.0 2.5 0.0 -1.0 -2.5
0.3827 -0.9239 2.5 0.3827 -0.9239 -2.5
0.707 -0.707 2.5 0.707 -0.707 -2.5
0.9239 -0.3827 2.5 0.9239 -0.3827 -2.5